Autosaving every 5 seconds
LogisticRegression
Autosaving every 5 seconds
C:\Users\danis\AppData\Local\Temp\ipykernel_16992\3214160513.py:7: FutureWarning: A value is trying to be set on a copy of a DataFrame or Series through chained assignment using an inplace method.
The behavior will change in pandas 3.0. This inplace method will never work because the intermediate object on which we are setting values always behaves as a copy.

For example, when doing 'df[col].method(value, inplace=True)', try using 'df.method({col: value}, inplace=True)' or df[col] = df[col].method(value) instead, to perform the operation inplace on the original object.


  all_features['sexo'].replace({'M' : 0, 'F': 1}, inplace = True)
C:\Users\danis\AppData\Local\Temp\ipykernel_16992\3214160513.py:7: FutureWarning: Downcasting behavior in `replace` is deprecated and will be removed in a future version. To retain the old behavior, explicitly call `result.infer_objects(copy=False)`. To opt-in to the future behavior, set `pd.set_option('future.no_silent_downcasting', True)`
  all_features['sexo'].replace({'M' : 0, 'F': 1}, inplace = True)
C:\Users\danis\AppData\Local\Packages\PythonSoftwareFoundation.Python.3.10_qbz5n2kfra8p0\LocalCache\local-packages\Python310\site-packages\sklearn\metrics\_scorer.py:548: FutureWarning: The `needs_threshold` and `needs_proba` parameter are deprecated in version 1.4 and will be removed in 1.6. You can either let `response_method` be `None` or set it to `predict` to preserve the same behaviour.
  warnings.warn(
LogisticRegression
Autosaving every 5 seconds
C:\Users\danis\AppData\Local\Temp\ipykernel_16992\3214160513.py:7: FutureWarning: A value is trying to be set on a copy of a DataFrame or Series through chained assignment using an inplace method.
The behavior will change in pandas 3.0. This inplace method will never work because the intermediate object on which we are setting values always behaves as a copy.

For example, when doing 'df[col].method(value, inplace=True)', try using 'df.method({col: value}, inplace=True)' or df[col] = df[col].method(value) instead, to perform the operation inplace on the original object.


  all_features['sexo'].replace({'M' : 0, 'F': 1}, inplace = True)
C:\Users\danis\AppData\Local\Temp\ipykernel_16992\3214160513.py:7: FutureWarning: Downcasting behavior in `replace` is deprecated and will be removed in a future version. To retain the old behavior, explicitly call `result.infer_objects(copy=False)`. To opt-in to the future behavior, set `pd.set_option('future.no_silent_downcasting', True)`
  all_features['sexo'].replace({'M' : 0, 'F': 1}, inplace = True)
C:\Users\danis\AppData\Local\Packages\PythonSoftwareFoundation.Python.3.10_qbz5n2kfra8p0\LocalCache\local-packages\Python310\site-packages\sklearn\metrics\_scorer.py:548: FutureWarning: The `needs_threshold` and `needs_proba` parameter are deprecated in version 1.4 and will be removed in 1.6. You can either let `response_method` be `None` or set it to `predict` to preserve the same behaviour.
  warnings.warn(
LogisticRegression
Autosaving every 5 seconds
C:\Users\danis\AppData\Local\Temp\ipykernel_16992\3214160513.py:7: FutureWarning: A value is trying to be set on a copy of a DataFrame or Series through chained assignment using an inplace method.
The behavior will change in pandas 3.0. This inplace method will never work because the intermediate object on which we are setting values always behaves as a copy.

For example, when doing 'df[col].method(value, inplace=True)', try using 'df.method({col: value}, inplace=True)' or df[col] = df[col].method(value) instead, to perform the operation inplace on the original object.


  all_features['sexo'].replace({'M' : 0, 'F': 1}, inplace = True)
C:\Users\danis\AppData\Local\Temp\ipykernel_16992\3214160513.py:7: FutureWarning: Downcasting behavior in `replace` is deprecated and will be removed in a future version. To retain the old behavior, explicitly call `result.infer_objects(copy=False)`. To opt-in to the future behavior, set `pd.set_option('future.no_silent_downcasting', True)`
  all_features['sexo'].replace({'M' : 0, 'F': 1}, inplace = True)
C:\Users\danis\AppData\Local\Packages\PythonSoftwareFoundation.Python.3.10_qbz5n2kfra8p0\LocalCache\local-packages\Python310\site-packages\sklearn\metrics\_scorer.py:548: FutureWarning: The `needs_threshold` and `needs_proba` parameter are deprecated in version 1.4 and will be removed in 1.6. You can either let `response_method` be `None` or set it to `predict` to preserve the same behaviour.
  warnings.warn(
LogisticRegression
LogisticRegression
LogisticRegression
LogisticRegression
LogisticRegression
LogisticRegression
Autosaving every 5 seconds
C:\Users\danis\AppData\Local\Temp\ipykernel_16992\3214160513.py:7: FutureWarning: A value is trying to be set on a copy of a DataFrame or Series through chained assignment using an inplace method.
The behavior will change in pandas 3.0. This inplace method will never work because the intermediate object on which we are setting values always behaves as a copy.

For example, when doing 'df[col].method(value, inplace=True)', try using 'df.method({col: value}, inplace=True)' or df[col] = df[col].method(value) instead, to perform the operation inplace on the original object.


  all_features['sexo'].replace({'M' : 0, 'F': 1}, inplace = True)
C:\Users\danis\AppData\Local\Temp\ipykernel_16992\3214160513.py:7: FutureWarning: Downcasting behavior in `replace` is deprecated and will be removed in a future version. To retain the old behavior, explicitly call `result.infer_objects(copy=False)`. To opt-in to the future behavior, set `pd.set_option('future.no_silent_downcasting', True)`
  all_features['sexo'].replace({'M' : 0, 'F': 1}, inplace = True)
C:\Users\danis\AppData\Local\Packages\PythonSoftwareFoundation.Python.3.10_qbz5n2kfra8p0\LocalCache\local-packages\Python310\site-packages\sklearn\metrics\_scorer.py:548: FutureWarning: The `needs_threshold` and `needs_proba` parameter are deprecated in version 1.4 and will be removed in 1.6. You can either let `response_method` be `None` or set it to `predict` to preserve the same behaviour.
  warnings.warn(
LogisticRegression
LogisticRegression
C:\Users\danis\AppData\Local\Packages\PythonSoftwareFoundation.Python.3.10_qbz5n2kfra8p0\LocalCache\local-packages\Python310\site-packages\sklearn\model_selection\_validation.py:547: FitFailedWarning: 
64 fits failed out of a total of 8160.
The score on these train-test partitions for these parameters will be set to nan.
If these failures are not expected, you can try to debug them by setting error_score='raise'.

Below are more details about the failures:
--------------------------------------------------------------------------------
64 fits failed with the following error:
Traceback (most recent call last):
  File "C:\Users\danis\AppData\Local\Packages\PythonSoftwareFoundation.Python.3.10_qbz5n2kfra8p0\LocalCache\local-packages\Python310\site-packages\sklearn\model_selection\_validation.py", line 895, in _fit_and_score
    estimator.fit(X_train, y_train, **fit_params)
  File "C:\Users\danis\AppData\Local\Packages\PythonSoftwareFoundation.Python.3.10_qbz5n2kfra8p0\LocalCache\local-packages\Python310\site-packages\sklearn\base.py", line 1474, in wrapper
    return fit_method(estimator, *args, **kwargs)
  File "C:\Users\danis\AppData\Local\Packages\PythonSoftwareFoundation.Python.3.10_qbz5n2kfra8p0\LocalCache\local-packages\Python310\site-packages\imblearn\pipeline.py", line 326, in fit
    self._final_estimator.fit(Xt, yt, **last_step_params["fit"])
  File "C:\Users\danis\AppData\Local\Packages\PythonSoftwareFoundation.Python.3.10_qbz5n2kfra8p0\LocalCache\local-packages\Python310\site-packages\sklearn\base.py", line 1474, in wrapper
    return fit_method(estimator, *args, **kwargs)
  File "C:\Users\danis\AppData\Local\Packages\PythonSoftwareFoundation.Python.3.10_qbz5n2kfra8p0\LocalCache\local-packages\Python310\site-packages\sklearn\linear_model\_logistic.py", line 1201, in fit
    X, y = self._validate_data(
  File "C:\Users\danis\AppData\Local\Packages\PythonSoftwareFoundation.Python.3.10_qbz5n2kfra8p0\LocalCache\local-packages\Python310\site-packages\sklearn\base.py", line 650, in _validate_data
    X, y = check_X_y(X, y, **check_params)
  File "C:\Users\danis\AppData\Local\Packages\PythonSoftwareFoundation.Python.3.10_qbz5n2kfra8p0\LocalCache\local-packages\Python310\site-packages\sklearn\utils\validation.py", line 1263, in check_X_y
    X = check_array(
  File "C:\Users\danis\AppData\Local\Packages\PythonSoftwareFoundation.Python.3.10_qbz5n2kfra8p0\LocalCache\local-packages\Python310\site-packages\sklearn\utils\validation.py", line 879, in check_array
    dtype_orig = np.result_type(*dtypes_orig)
ValueError: at least one array or dtype is required

  warnings.warn(some_fits_failed_message, FitFailedWarning)
C:\Users\danis\AppData\Local\Packages\PythonSoftwareFoundation.Python.3.10_qbz5n2kfra8p0\LocalCache\local-packages\Python310\site-packages\sklearn\model_selection\_search.py:1051: UserWarning: One or more of the test scores are non-finite: [nan nan nan ... nan nan nan]
  warnings.warn(
bic
(45, 3)
best_std_auc : nan
RandomForestClassifier
LogisticRegression
LogisticRegression
C:\Users\danis\AppData\Local\Packages\PythonSoftwareFoundation.Python.3.10_qbz5n2kfra8p0\LocalCache\local-packages\Python310\site-packages\sklearn\model_selection\_validation.py:547: FitFailedWarning: 
64 fits failed out of a total of 8160.
The score on these train-test partitions for these parameters will be set to nan.
If these failures are not expected, you can try to debug them by setting error_score='raise'.

Below are more details about the failures:
--------------------------------------------------------------------------------
64 fits failed with the following error:
Traceback (most recent call last):
  File "C:\Users\danis\AppData\Local\Packages\PythonSoftwareFoundation.Python.3.10_qbz5n2kfra8p0\LocalCache\local-packages\Python310\site-packages\sklearn\model_selection\_validation.py", line 895, in _fit_and_score
    estimator.fit(X_train, y_train, **fit_params)
  File "C:\Users\danis\AppData\Local\Packages\PythonSoftwareFoundation.Python.3.10_qbz5n2kfra8p0\LocalCache\local-packages\Python310\site-packages\sklearn\base.py", line 1474, in wrapper
    return fit_method(estimator, *args, **kwargs)
  File "C:\Users\danis\AppData\Local\Packages\PythonSoftwareFoundation.Python.3.10_qbz5n2kfra8p0\LocalCache\local-packages\Python310\site-packages\imblearn\pipeline.py", line 326, in fit
    self._final_estimator.fit(Xt, yt, **last_step_params["fit"])
  File "C:\Users\danis\AppData\Local\Packages\PythonSoftwareFoundation.Python.3.10_qbz5n2kfra8p0\LocalCache\local-packages\Python310\site-packages\sklearn\base.py", line 1474, in wrapper
    return fit_method(estimator, *args, **kwargs)
  File "C:\Users\danis\AppData\Local\Packages\PythonSoftwareFoundation.Python.3.10_qbz5n2kfra8p0\LocalCache\local-packages\Python310\site-packages\sklearn\linear_model\_logistic.py", line 1201, in fit
    X, y = self._validate_data(
  File "C:\Users\danis\AppData\Local\Packages\PythonSoftwareFoundation.Python.3.10_qbz5n2kfra8p0\LocalCache\local-packages\Python310\site-packages\sklearn\base.py", line 650, in _validate_data
    X, y = check_X_y(X, y, **check_params)
  File "C:\Users\danis\AppData\Local\Packages\PythonSoftwareFoundation.Python.3.10_qbz5n2kfra8p0\LocalCache\local-packages\Python310\site-packages\sklearn\utils\validation.py", line 1263, in check_X_y
    X = check_array(
  File "C:\Users\danis\AppData\Local\Packages\PythonSoftwareFoundation.Python.3.10_qbz5n2kfra8p0\LocalCache\local-packages\Python310\site-packages\sklearn\utils\validation.py", line 1035, in check_array
    raise ValueError(msg)
ValueError: Expected 2D array, got 1D array instead:
array=[].
Reshape your data either using array.reshape(-1, 1) if your data has a single feature or array.reshape(1, -1) if it contains a single sample.

  warnings.warn(some_fits_failed_message, FitFailedWarning)
C:\Users\danis\AppData\Local\Packages\PythonSoftwareFoundation.Python.3.10_qbz5n2kfra8p0\LocalCache\local-packages\Python310\site-packages\sklearn\model_selection\_search.py:1051: UserWarning: One or more of the test scores are non-finite: [nan nan nan ... nan nan nan]
  warnings.warn(
bic
[[0.03070317 0.02623852 0.13984218]
 [0.02331044 0.03059901 0.14461532]
 [0.03566205 0.03201634 0.14329718]
 [0.02652921 0.02570364 0.11847572]
 [0.02884433 0.03354632 0.12011552]
 [0.02844584 0.02564994 0.1190326 ]
 [0.02579033 0.02599234 0.13174191]
 [0.0234322  0.03341624 0.14015698]
 [0.02350653 0.03243789 0.12400637]
 [0.02784586 0.02836649 0.12736841]
 [0.02733601 0.03509338 0.12541982]
 [0.02997647 0.02821211 0.12713848]
 [0.02762364 0.02591494 0.12696239]
 [0.02639722 0.02738229 0.12381913]
 [0.02740284 0.02800969 0.12636516]
 [0.02622292 0.02562848 0.11624677]
 [0.03063014 0.03259807 0.12677996]
 [0.02146295 0.03681649 0.12389656]
 [0.03431987 0.02848545 0.13135544]
 [0.02574205 0.03246329 0.13200472]
 [0.02784372 0.02776987 0.11949956]
 [0.02049926 0.02968047 0.12886668]
 [0.02775375 0.02786722 0.13014712]
 [0.02932238 0.02635453 0.13662357]
 [0.02506082 0.02770378 0.1291111 ]
 [0.02752274 0.02188179 0.13663017]
 [0.02358628 0.01899853 0.11523529]
 [0.02557419 0.02430644 0.11356311]
 [0.02811018 0.02869924 0.11468539]
 [0.03672494 0.03923051 0.12609416]
 [0.03021242 0.02883017 0.02385019]
 [0.02715489 0.03241932 0.12390238]
 [0.03370862 0.02603903 0.13251653]
 [0.02902572 0.03781957 0.13016429]
 [0.03509085 0.0332357  0.1150537 ]
 [0.02833728 0.03139021 0.12401452]
 [0.02485314 0.02215061 0.09982523]
 [0.02494415 0.01944332 0.03925671]
 [0.02132695 0.01813238 0.11848524]
 [0.02340493 0.02668405 0.13210069]
 [0.02183549 0.0271439  0.11629292]
 [0.02502143 0.02751326 0.14320181]
 [0.02790128 0.0209764  0.13086265]
 [0.02927466 0.0271443  0.01540652]
 [0.02732008 0.03506292 0.12540689]]
0     0
1     0
2     1
3     1
4     1
5     1
6     1
7     0
8     1
9     1
10    0
11    0
12    1
13    1
14    1
15    1
16    1
17    1
18    1
19    1
20    1
21    1
22    0
23    1
24    1
25    1
26    0
27    0
28    0
29    0
30    0
31    1
32    1
33    1
34    1
35    1
Name: Evolution, dtype: int64
best_std_auc : nan
RandomForestClassifier
LogisticRegression
C:\Users\danis\AppData\Local\Packages\PythonSoftwareFoundation.Python.3.10_qbz5n2kfra8p0\LocalCache\local-packages\Python310\site-packages\sklearn\model_selection\_validation.py:547: FitFailedWarning: 
64 fits failed out of a total of 8160.
The score on these train-test partitions for these parameters will be set to nan.
If these failures are not expected, you can try to debug them by setting error_score='raise'.

Below are more details about the failures:
--------------------------------------------------------------------------------
64 fits failed with the following error:
Traceback (most recent call last):
  File "C:\Users\danis\AppData\Local\Packages\PythonSoftwareFoundation.Python.3.10_qbz5n2kfra8p0\LocalCache\local-packages\Python310\site-packages\sklearn\model_selection\_validation.py", line 895, in _fit_and_score
    estimator.fit(X_train, y_train, **fit_params)
  File "C:\Users\danis\AppData\Local\Packages\PythonSoftwareFoundation.Python.3.10_qbz5n2kfra8p0\LocalCache\local-packages\Python310\site-packages\sklearn\base.py", line 1474, in wrapper
    return fit_method(estimator, *args, **kwargs)
  File "C:\Users\danis\AppData\Local\Packages\PythonSoftwareFoundation.Python.3.10_qbz5n2kfra8p0\LocalCache\local-packages\Python310\site-packages\imblearn\pipeline.py", line 322, in fit
    Xt, yt = self._fit(X, y, routed_params)
  File "C:\Users\danis\AppData\Local\Packages\PythonSoftwareFoundation.Python.3.10_qbz5n2kfra8p0\LocalCache\local-packages\Python310\site-packages\imblearn\pipeline.py", line 248, in _fit
    X, fitted_transformer = fit_transform_one_cached(
  File "C:\Users\danis\AppData\Local\Packages\PythonSoftwareFoundation.Python.3.10_qbz5n2kfra8p0\LocalCache\local-packages\Python310\site-packages\joblib\memory.py", line 349, in __call__
    return self.func(*args, **kwargs)
  File "C:\Users\danis\AppData\Local\Packages\PythonSoftwareFoundation.Python.3.10_qbz5n2kfra8p0\LocalCache\local-packages\Python310\site-packages\imblearn\pipeline.py", line 1097, in _fit_transform_one
    res = transformer.fit_transform(X, y, **params.get("fit_transform", {}))
  File "C:\Users\danis\AppData\Local\Packages\PythonSoftwareFoundation.Python.3.10_qbz5n2kfra8p0\LocalCache\local-packages\Python310\site-packages\sklearn\utils\_set_output.py", line 295, in wrapped
    data_to_wrap = f(self, X, *args, **kwargs)
  File "C:\Users\danis\AppData\Local\Packages\PythonSoftwareFoundation.Python.3.10_qbz5n2kfra8p0\LocalCache\local-packages\Python310\site-packages\sklearn\base.py", line 1101, in fit_transform
    return self.fit(X, y, **fit_params).transform(X)
  File "C:\Users\danis\AppData\Local\Packages\PythonSoftwareFoundation.Python.3.10_qbz5n2kfra8p0\LocalCache\local-packages\Python310\site-packages\sklearn\utils\_set_output.py", line 295, in wrapped
    data_to_wrap = f(self, X, *args, **kwargs)
  File "C:\Users\danis\AppData\Local\Temp\ipykernel_16992\1572299111.py", line 71, in transform
IndexError: tuple index out of range

  warnings.warn(some_fits_failed_message, FitFailedWarning)
C:\Users\danis\AppData\Local\Packages\PythonSoftwareFoundation.Python.3.10_qbz5n2kfra8p0\LocalCache\local-packages\Python310\site-packages\sklearn\model_selection\_search.py:1051: UserWarning: One or more of the test scores are non-finite: [nan nan nan ... nan nan nan]
  warnings.warn(
bic
best_std_auc : nan
RandomForestClassifier
C:\Users\danis\AppData\Local\Packages\PythonSoftwareFoundation.Python.3.10_qbz5n2kfra8p0\LocalCache\local-packages\Python310\site-packages\sklearn\model_selection\_validation.py:547: FitFailedWarning: 
129 fits failed out of a total of 16320.
The score on these train-test partitions for these parameters will be set to nan.
If these failures are not expected, you can try to debug them by setting error_score='raise'.

Below are more details about the failures:
--------------------------------------------------------------------------------
129 fits failed with the following error:
Traceback (most recent call last):
  File "C:\Users\danis\AppData\Local\Packages\PythonSoftwareFoundation.Python.3.10_qbz5n2kfra8p0\LocalCache\local-packages\Python310\site-packages\sklearn\model_selection\_validation.py", line 895, in _fit_and_score
    estimator.fit(X_train, y_train, **fit_params)
  File "C:\Users\danis\AppData\Local\Packages\PythonSoftwareFoundation.Python.3.10_qbz5n2kfra8p0\LocalCache\local-packages\Python310\site-packages\sklearn\base.py", line 1474, in wrapper
    return fit_method(estimator, *args, **kwargs)
  File "C:\Users\danis\AppData\Local\Packages\PythonSoftwareFoundation.Python.3.10_qbz5n2kfra8p0\LocalCache\local-packages\Python310\site-packages\imblearn\pipeline.py", line 322, in fit
    Xt, yt = self._fit(X, y, routed_params)
  File "C:\Users\danis\AppData\Local\Packages\PythonSoftwareFoundation.Python.3.10_qbz5n2kfra8p0\LocalCache\local-packages\Python310\site-packages\imblearn\pipeline.py", line 248, in _fit
    X, fitted_transformer = fit_transform_one_cached(
  File "C:\Users\danis\AppData\Local\Packages\PythonSoftwareFoundation.Python.3.10_qbz5n2kfra8p0\LocalCache\local-packages\Python310\site-packages\joblib\memory.py", line 349, in __call__
    return self.func(*args, **kwargs)
  File "C:\Users\danis\AppData\Local\Packages\PythonSoftwareFoundation.Python.3.10_qbz5n2kfra8p0\LocalCache\local-packages\Python310\site-packages\imblearn\pipeline.py", line 1097, in _fit_transform_one
    res = transformer.fit_transform(X, y, **params.get("fit_transform", {}))
  File "C:\Users\danis\AppData\Local\Packages\PythonSoftwareFoundation.Python.3.10_qbz5n2kfra8p0\LocalCache\local-packages\Python310\site-packages\sklearn\utils\_set_output.py", line 295, in wrapped
    data_to_wrap = f(self, X, *args, **kwargs)
  File "C:\Users\danis\AppData\Local\Packages\PythonSoftwareFoundation.Python.3.10_qbz5n2kfra8p0\LocalCache\local-packages\Python310\site-packages\sklearn\base.py", line 1101, in fit_transform
    return self.fit(X, y, **fit_params).transform(X)
  File "C:\Users\danis\AppData\Local\Packages\PythonSoftwareFoundation.Python.3.10_qbz5n2kfra8p0\LocalCache\local-packages\Python310\site-packages\sklearn\utils\_set_output.py", line 295, in wrapped
    data_to_wrap = f(self, X, *args, **kwargs)
  File "C:\Users\danis\AppData\Local\Temp\ipykernel_16992\1572299111.py", line 71, in transform
IndexError: tuple index out of range

  warnings.warn(some_fits_failed_message, FitFailedWarning)
C:\Users\danis\AppData\Local\Packages\PythonSoftwareFoundation.Python.3.10_qbz5n2kfra8p0\LocalCache\local-packages\Python310\site-packages\sklearn\model_selection\_search.py:1051: UserWarning: One or more of the test scores are non-finite: [nan nan nan ... nan nan nan]
  warnings.warn(
bic
best_std_auc : nan
XGBgClassifier
LogisticRegression
LogisticRegression
C:\Users\danis\AppData\Local\Packages\PythonSoftwareFoundation.Python.3.10_qbz5n2kfra8p0\LocalCache\local-packages\Python310\site-packages\sklearn\model_selection\_validation.py:547: FitFailedWarning: 
64 fits failed out of a total of 8160.
The score on these train-test partitions for these parameters will be set to nan.
If these failures are not expected, you can try to debug them by setting error_score='raise'.

Below are more details about the failures:
--------------------------------------------------------------------------------
64 fits failed with the following error:
Traceback (most recent call last):
  File "C:\Users\danis\AppData\Local\Packages\PythonSoftwareFoundation.Python.3.10_qbz5n2kfra8p0\LocalCache\local-packages\Python310\site-packages\sklearn\model_selection\_validation.py", line 895, in _fit_and_score
    estimator.fit(X_train, y_train, **fit_params)
  File "C:\Users\danis\AppData\Local\Packages\PythonSoftwareFoundation.Python.3.10_qbz5n2kfra8p0\LocalCache\local-packages\Python310\site-packages\sklearn\base.py", line 1474, in wrapper
    return fit_method(estimator, *args, **kwargs)
  File "C:\Users\danis\AppData\Local\Packages\PythonSoftwareFoundation.Python.3.10_qbz5n2kfra8p0\LocalCache\local-packages\Python310\site-packages\imblearn\pipeline.py", line 322, in fit
    Xt, yt = self._fit(X, y, routed_params)
  File "C:\Users\danis\AppData\Local\Packages\PythonSoftwareFoundation.Python.3.10_qbz5n2kfra8p0\LocalCache\local-packages\Python310\site-packages\imblearn\pipeline.py", line 248, in _fit
    X, fitted_transformer = fit_transform_one_cached(
  File "C:\Users\danis\AppData\Local\Packages\PythonSoftwareFoundation.Python.3.10_qbz5n2kfra8p0\LocalCache\local-packages\Python310\site-packages\joblib\memory.py", line 349, in __call__
    return self.func(*args, **kwargs)
  File "C:\Users\danis\AppData\Local\Packages\PythonSoftwareFoundation.Python.3.10_qbz5n2kfra8p0\LocalCache\local-packages\Python310\site-packages\imblearn\pipeline.py", line 1097, in _fit_transform_one
    res = transformer.fit_transform(X, y, **params.get("fit_transform", {}))
  File "C:\Users\danis\AppData\Local\Packages\PythonSoftwareFoundation.Python.3.10_qbz5n2kfra8p0\LocalCache\local-packages\Python310\site-packages\sklearn\utils\_set_output.py", line 295, in wrapped
    data_to_wrap = f(self, X, *args, **kwargs)
  File "C:\Users\danis\AppData\Local\Packages\PythonSoftwareFoundation.Python.3.10_qbz5n2kfra8p0\LocalCache\local-packages\Python310\site-packages\sklearn\base.py", line 1101, in fit_transform
    return self.fit(X, y, **fit_params).transform(X)
  File "C:\Users\danis\AppData\Local\Packages\PythonSoftwareFoundation.Python.3.10_qbz5n2kfra8p0\LocalCache\local-packages\Python310\site-packages\sklearn\utils\_set_output.py", line 295, in wrapped
    data_to_wrap = f(self, X, *args, **kwargs)
  File "C:\Users\danis\AppData\Local\Temp\ipykernel_16992\3965973454.py", line 72, in transform
IndexError: index 0 is out of bounds for axis 0 with size 0

  warnings.warn(some_fits_failed_message, FitFailedWarning)
C:\Users\danis\AppData\Local\Packages\PythonSoftwareFoundation.Python.3.10_qbz5n2kfra8p0\LocalCache\local-packages\Python310\site-packages\sklearn\model_selection\_search.py:1051: UserWarning: One or more of the test scores are non-finite: [nan nan nan ... nan nan nan]
  warnings.warn(
bic
0
1
2
best_std_auc : nan
RandomForestClassifier
C:\Users\danis\AppData\Local\Packages\PythonSoftwareFoundation.Python.3.10_qbz5n2kfra8p0\LocalCache\local-packages\Python310\site-packages\sklearn\model_selection\_validation.py:547: FitFailedWarning: 
128 fits failed out of a total of 16320.
The score on these train-test partitions for these parameters will be set to nan.
If these failures are not expected, you can try to debug them by setting error_score='raise'.

Below are more details about the failures:
--------------------------------------------------------------------------------
128 fits failed with the following error:
Traceback (most recent call last):
  File "C:\Users\danis\AppData\Local\Packages\PythonSoftwareFoundation.Python.3.10_qbz5n2kfra8p0\LocalCache\local-packages\Python310\site-packages\sklearn\model_selection\_validation.py", line 895, in _fit_and_score
    estimator.fit(X_train, y_train, **fit_params)
  File "C:\Users\danis\AppData\Local\Packages\PythonSoftwareFoundation.Python.3.10_qbz5n2kfra8p0\LocalCache\local-packages\Python310\site-packages\sklearn\base.py", line 1474, in wrapper
    return fit_method(estimator, *args, **kwargs)
  File "C:\Users\danis\AppData\Local\Packages\PythonSoftwareFoundation.Python.3.10_qbz5n2kfra8p0\LocalCache\local-packages\Python310\site-packages\imblearn\pipeline.py", line 322, in fit
    Xt, yt = self._fit(X, y, routed_params)
  File "C:\Users\danis\AppData\Local\Packages\PythonSoftwareFoundation.Python.3.10_qbz5n2kfra8p0\LocalCache\local-packages\Python310\site-packages\imblearn\pipeline.py", line 248, in _fit
    X, fitted_transformer = fit_transform_one_cached(
  File "C:\Users\danis\AppData\Local\Packages\PythonSoftwareFoundation.Python.3.10_qbz5n2kfra8p0\LocalCache\local-packages\Python310\site-packages\joblib\memory.py", line 349, in __call__
    return self.func(*args, **kwargs)
  File "C:\Users\danis\AppData\Local\Packages\PythonSoftwareFoundation.Python.3.10_qbz5n2kfra8p0\LocalCache\local-packages\Python310\site-packages\imblearn\pipeline.py", line 1097, in _fit_transform_one
    res = transformer.fit_transform(X, y, **params.get("fit_transform", {}))
  File "C:\Users\danis\AppData\Local\Packages\PythonSoftwareFoundation.Python.3.10_qbz5n2kfra8p0\LocalCache\local-packages\Python310\site-packages\sklearn\utils\_set_output.py", line 295, in wrapped
    data_to_wrap = f(self, X, *args, **kwargs)
  File "C:\Users\danis\AppData\Local\Packages\PythonSoftwareFoundation.Python.3.10_qbz5n2kfra8p0\LocalCache\local-packages\Python310\site-packages\sklearn\base.py", line 1101, in fit_transform
    return self.fit(X, y, **fit_params).transform(X)
  File "C:\Users\danis\AppData\Local\Packages\PythonSoftwareFoundation.Python.3.10_qbz5n2kfra8p0\LocalCache\local-packages\Python310\site-packages\sklearn\utils\_set_output.py", line 295, in wrapped
    data_to_wrap = f(self, X, *args, **kwargs)
  File "C:\Users\danis\AppData\Local\Temp\ipykernel_16992\3965973454.py", line 72, in transform
IndexError: index 0 is out of bounds for axis 0 with size 0

  warnings.warn(some_fits_failed_message, FitFailedWarning)
C:\Users\danis\AppData\Local\Packages\PythonSoftwareFoundation.Python.3.10_qbz5n2kfra8p0\LocalCache\local-packages\Python310\site-packages\sklearn\model_selection\_search.py:1051: UserWarning: One or more of the test scores are non-finite: [nan nan nan ... nan nan nan]
  warnings.warn(
bic
0
1
2
best_std_auc : nan
XGBgClassifier
LogisticRegression
C:\Users\danis\AppData\Local\Packages\PythonSoftwareFoundation.Python.3.10_qbz5n2kfra8p0\LocalCache\local-packages\Python310\site-packages\sklearn\model_selection\_validation.py:547: FitFailedWarning: 
64 fits failed out of a total of 8160.
The score on these train-test partitions for these parameters will be set to nan.
If these failures are not expected, you can try to debug them by setting error_score='raise'.

Below are more details about the failures:
--------------------------------------------------------------------------------
64 fits failed with the following error:
Traceback (most recent call last):
  File "C:\Users\danis\AppData\Local\Packages\PythonSoftwareFoundation.Python.3.10_qbz5n2kfra8p0\LocalCache\local-packages\Python310\site-packages\sklearn\model_selection\_validation.py", line 895, in _fit_and_score
    estimator.fit(X_train, y_train, **fit_params)
  File "C:\Users\danis\AppData\Local\Packages\PythonSoftwareFoundation.Python.3.10_qbz5n2kfra8p0\LocalCache\local-packages\Python310\site-packages\sklearn\base.py", line 1474, in wrapper
    return fit_method(estimator, *args, **kwargs)
  File "C:\Users\danis\AppData\Local\Packages\PythonSoftwareFoundation.Python.3.10_qbz5n2kfra8p0\LocalCache\local-packages\Python310\site-packages\imblearn\pipeline.py", line 326, in fit
    self._final_estimator.fit(Xt, yt, **last_step_params["fit"])
  File "C:\Users\danis\AppData\Local\Packages\PythonSoftwareFoundation.Python.3.10_qbz5n2kfra8p0\LocalCache\local-packages\Python310\site-packages\sklearn\base.py", line 1474, in wrapper
    return fit_method(estimator, *args, **kwargs)
  File "C:\Users\danis\AppData\Local\Packages\PythonSoftwareFoundation.Python.3.10_qbz5n2kfra8p0\LocalCache\local-packages\Python310\site-packages\sklearn\linear_model\_logistic.py", line 1201, in fit
    X, y = self._validate_data(
  File "C:\Users\danis\AppData\Local\Packages\PythonSoftwareFoundation.Python.3.10_qbz5n2kfra8p0\LocalCache\local-packages\Python310\site-packages\sklearn\base.py", line 650, in _validate_data
    X, y = check_X_y(X, y, **check_params)
  File "C:\Users\danis\AppData\Local\Packages\PythonSoftwareFoundation.Python.3.10_qbz5n2kfra8p0\LocalCache\local-packages\Python310\site-packages\sklearn\utils\validation.py", line 1263, in check_X_y
    X = check_array(
  File "C:\Users\danis\AppData\Local\Packages\PythonSoftwareFoundation.Python.3.10_qbz5n2kfra8p0\LocalCache\local-packages\Python310\site-packages\sklearn\utils\validation.py", line 1081, in check_array
    raise ValueError(
ValueError: Found array with 0 feature(s) (shape=(36, 0)) while a minimum of 1 is required by LogisticRegression.

  warnings.warn(some_fits_failed_message, FitFailedWarning)
C:\Users\danis\AppData\Local\Packages\PythonSoftwareFoundation.Python.3.10_qbz5n2kfra8p0\LocalCache\local-packages\Python310\site-packages\sklearn\model_selection\_search.py:1051: UserWarning: One or more of the test scores are non-finite: [nan nan nan ... nan nan nan]
  warnings.warn(
bic
0
1
2
best_std_auc : nan
RandomForestClassifier
LogisticRegression
C:\Users\danis\AppData\Local\Packages\PythonSoftwareFoundation.Python.3.10_qbz5n2kfra8p0\LocalCache\local-packages\Python310\site-packages\sklearn\model_selection\_search.py:1051: UserWarning: One or more of the test scores are non-finite: [nan nan nan ... nan nan nan]
  warnings.warn(
bic
0
1
2
best_std_auc : nan
RandomForestClassifier
LogisticRegression
LogisticRegression
C:\Users\danis\AppData\Local\Packages\PythonSoftwareFoundation.Python.3.10_qbz5n2kfra8p0\LocalCache\local-packages\Python310\site-packages\sklearn\model_selection\_validation.py:547: FitFailedWarning: 
64 fits failed out of a total of 8160.
The score on these train-test partitions for these parameters will be set to nan.
If these failures are not expected, you can try to debug them by setting error_score='raise'.

Below are more details about the failures:
--------------------------------------------------------------------------------
64 fits failed with the following error:
Traceback (most recent call last):
  File "C:\Users\danis\AppData\Local\Packages\PythonSoftwareFoundation.Python.3.10_qbz5n2kfra8p0\LocalCache\local-packages\Python310\site-packages\sklearn\model_selection\_validation.py", line 895, in _fit_and_score
    estimator.fit(X_train, y_train, **fit_params)
  File "C:\Users\danis\AppData\Local\Packages\PythonSoftwareFoundation.Python.3.10_qbz5n2kfra8p0\LocalCache\local-packages\Python310\site-packages\sklearn\base.py", line 1474, in wrapper
    return fit_method(estimator, *args, **kwargs)
  File "C:\Users\danis\AppData\Local\Packages\PythonSoftwareFoundation.Python.3.10_qbz5n2kfra8p0\LocalCache\local-packages\Python310\site-packages\imblearn\pipeline.py", line 326, in fit
    self._final_estimator.fit(Xt, yt, **last_step_params["fit"])
  File "C:\Users\danis\AppData\Local\Packages\PythonSoftwareFoundation.Python.3.10_qbz5n2kfra8p0\LocalCache\local-packages\Python310\site-packages\sklearn\base.py", line 1474, in wrapper
    return fit_method(estimator, *args, **kwargs)
  File "C:\Users\danis\AppData\Local\Packages\PythonSoftwareFoundation.Python.3.10_qbz5n2kfra8p0\LocalCache\local-packages\Python310\site-packages\sklearn\linear_model\_logistic.py", line 1201, in fit
    X, y = self._validate_data(
  File "C:\Users\danis\AppData\Local\Packages\PythonSoftwareFoundation.Python.3.10_qbz5n2kfra8p0\LocalCache\local-packages\Python310\site-packages\sklearn\base.py", line 650, in _validate_data
    X, y = check_X_y(X, y, **check_params)
  File "C:\Users\danis\AppData\Local\Packages\PythonSoftwareFoundation.Python.3.10_qbz5n2kfra8p0\LocalCache\local-packages\Python310\site-packages\sklearn\utils\validation.py", line 1263, in check_X_y
    X = check_array(
  File "C:\Users\danis\AppData\Local\Packages\PythonSoftwareFoundation.Python.3.10_qbz5n2kfra8p0\LocalCache\local-packages\Python310\site-packages\sklearn\utils\validation.py", line 1081, in check_array
    raise ValueError(
ValueError: Found array with 0 feature(s) (shape=(36, 0)) while a minimum of 1 is required by LogisticRegression.

  warnings.warn(some_fits_failed_message, FitFailedWarning)
C:\Users\danis\AppData\Local\Packages\PythonSoftwareFoundation.Python.3.10_qbz5n2kfra8p0\LocalCache\local-packages\Python310\site-packages\sklearn\model_selection\_search.py:1051: UserWarning: One or more of the test scores are non-finite: [nan nan nan ... nan nan nan]
  warnings.warn(
bic
0
1
2
[[0.03070317 0.02331044 0.03566205 0.02652921 0.02884433 0.02844584
  0.02579033 0.0234322  0.02350653 0.02784586 0.02733601 0.02997647
  0.02762364 0.02639722 0.02740284 0.02622292 0.03063014 0.02146295
  0.03431987 0.02574205 0.02784372 0.02049926 0.02775375 0.02932238
  0.02506082 0.02752274 0.02358628 0.02557419 0.02811018 0.03672494
  0.03021242 0.02715489 0.03370862 0.02902572 0.03509085 0.02833728
  0.02485314 0.02494415 0.02132695 0.02340493 0.02183549 0.02502143
  0.02790128 0.02927466 0.02732008]
 [0.02623852 0.03059901 0.03201634 0.02570364 0.03354632 0.02564994
  0.02599234 0.03341624 0.03243789 0.02836649 0.03509338 0.02821211
  0.02591494 0.02738229 0.02800969 0.02562848 0.03259807 0.03681649
  0.02848545 0.03246329 0.02776987 0.02968047 0.02786722 0.02635453
  0.02770378 0.02188179 0.01899853 0.02430644 0.02869924 0.03923051
  0.02883017 0.03241932 0.02603903 0.03781957 0.0332357  0.03139021
  0.02215061 0.01944332 0.01813238 0.02668405 0.0271439  0.02751326
  0.0209764  0.0271443  0.03506292]
 [0.13984218 0.14461532 0.14329718 0.11847572 0.12011552 0.1190326
  0.13174191 0.14015698 0.12400637 0.12736841 0.12541982 0.12713848
  0.12696239 0.12381913 0.12636516 0.11624677 0.12677996 0.12389656
  0.13135544 0.13200472 0.11949956 0.12886668 0.13014712 0.13662357
  0.1291111  0.13663017 0.11523529 0.11356311 0.11468539 0.12609416
  0.02385019 0.12390238 0.13251653 0.13016429 0.1150537  0.12401452
  0.09982523 0.03925671 0.11848524 0.13210069 0.11629292 0.14320181
  0.13086265 0.01540652 0.12540689]]
best_std_auc : nan
RandomForestClassifier
LogisticRegression
C:\Users\danis\AppData\Local\Packages\PythonSoftwareFoundation.Python.3.10_qbz5n2kfra8p0\LocalCache\local-packages\Python310\site-packages\sklearn\model_selection\_search.py:1051: UserWarning: One or more of the test scores are non-finite: [nan nan nan ... nan nan nan]
  warnings.warn(
bic
0
1
2
[[0.03070317 0.02331044 0.03566205 0.02652921 0.02884433 0.02844584
  0.02579033 0.0234322  0.02350653 0.02784586 0.02733601 0.02997647
  0.02762364 0.02639722 0.02740284 0.02622292 0.03063014 0.02146295
  0.03431987 0.02574205 0.02784372 0.02049926 0.02775375 0.02932238
  0.02506082 0.02752274 0.02358628 0.02557419 0.02811018 0.03672494
  0.03021242 0.02715489 0.03370862 0.02902572 0.03509085 0.02833728
  0.02485314 0.02494415 0.02132695 0.02340493 0.02183549 0.02502143
  0.02790128 0.02927466 0.02732008]
 [0.02623852 0.03059901 0.03201634 0.02570364 0.03354632 0.02564994
  0.02599234 0.03341624 0.03243789 0.02836649 0.03509338 0.02821211
  0.02591494 0.02738229 0.02800969 0.02562848 0.03259807 0.03681649
  0.02848545 0.03246329 0.02776987 0.02968047 0.02786722 0.02635453
  0.02770378 0.02188179 0.01899853 0.02430644 0.02869924 0.03923051
  0.02883017 0.03241932 0.02603903 0.03781957 0.0332357  0.03139021
  0.02215061 0.01944332 0.01813238 0.02668405 0.0271439  0.02751326
  0.0209764  0.0271443  0.03506292]
 [0.13984218 0.14461532 0.14329718 0.11847572 0.12011552 0.1190326
  0.13174191 0.14015698 0.12400637 0.12736841 0.12541982 0.12713848
  0.12696239 0.12381913 0.12636516 0.11624677 0.12677996 0.12389656
  0.13135544 0.13200472 0.11949956 0.12886668 0.13014712 0.13662357
  0.1291111  0.13663017 0.11523529 0.11356311 0.11468539 0.12609416
  0.02385019 0.12390238 0.13251653 0.13016429 0.1150537  0.12401452
  0.09982523 0.03925671 0.11848524 0.13210069 0.11629292 0.14320181
  0.13086265 0.01540652 0.12540689]]
best_std_auc : nan
RandomForestClassifier
LogisticRegression
C:\Users\danis\AppData\Local\Packages\PythonSoftwareFoundation.Python.3.10_qbz5n2kfra8p0\LocalCache\local-packages\Python310\site-packages\sklearn\model_selection\_search.py:1051: UserWarning: One or more of the test scores are non-finite: [nan nan nan ... nan nan nan]
  warnings.warn(
bic
(45, 3)
[[0.03070317 0.02331044 0.03566205 0.02652921 0.02884433 0.02844584
  0.02579033 0.0234322  0.02350653 0.02784586 0.02733601 0.02997647
  0.02762364 0.02639722 0.02740284 0.02622292 0.03063014 0.02146295
  0.03431987 0.02574205 0.02784372 0.02049926 0.02775375 0.02932238
  0.02506082 0.02752274 0.02358628 0.02557419 0.02811018 0.03672494
  0.03021242 0.02715489 0.03370862 0.02902572 0.03509085 0.02833728
  0.02485314 0.02494415 0.02132695 0.02340493 0.02183549 0.02502143
  0.02790128 0.02927466 0.02732008]
 [0.02623852 0.03059901 0.03201634 0.02570364 0.03354632 0.02564994
  0.02599234 0.03341624 0.03243789 0.02836649 0.03509338 0.02821211
  0.02591494 0.02738229 0.02800969 0.02562848 0.03259807 0.03681649
  0.02848545 0.03246329 0.02776987 0.02968047 0.02786722 0.02635453
  0.02770378 0.02188179 0.01899853 0.02430644 0.02869924 0.03923051
  0.02883017 0.03241932 0.02603903 0.03781957 0.0332357  0.03139021
  0.02215061 0.01944332 0.01813238 0.02668405 0.0271439  0.02751326
  0.0209764  0.0271443  0.03506292]
 [0.13984218 0.14461532 0.14329718 0.11847572 0.12011552 0.1190326
  0.13174191 0.14015698 0.12400637 0.12736841 0.12541982 0.12713848
  0.12696239 0.12381913 0.12636516 0.11624677 0.12677996 0.12389656
  0.13135544 0.13200472 0.11949956 0.12886668 0.13014712 0.13662357
  0.1291111  0.13663017 0.11523529 0.11356311 0.11468539 0.12609416
  0.02385019 0.12390238 0.13251653 0.13016429 0.1150537  0.12401452
  0.09982523 0.03925671 0.11848524 0.13210069 0.11629292 0.14320181
  0.13086265 0.01540652 0.12540689]]
best_std_auc : nan
RandomForestClassifier
C:\Users\danis\AppData\Local\Packages\PythonSoftwareFoundation.Python.3.10_qbz5n2kfra8p0\LocalCache\local-packages\Python310\site-packages\sklearn\model_selection\_search.py:1051: UserWarning: One or more of the test scores are non-finite: [nan nan nan ... nan nan nan]
  warnings.warn(
bic
